Selected Object: Body

Array of vertices:
0.75 0.75 2.75
0.75 0.75 1.25
0.75 -0.75 2.75
0.75 -0.75 1.25
-0.75 0.75 2.75
-0.75 0.75 1.25
-0.75 -0.75 2.75
-0.75 -0.75 1.25
Array of connected vertices:
5 7 1 5 0 1 7 6 2 3 4 5 2 6 0 2 7 3 6 4 4 0 3 1 2 4 7 2 5 6 7 1 3 0 1 4

Selected Object: Right Leg

Array of vertices:
-0.6499999761581421 -0.25 -0.25 
-0.6499999761581421 -0.25 1.25 
-0.6499999761581421 0.25 -0.25 
-0.6499999761581421 0.25 1.25
-0.1499999761581421 -0.25 -0.25
-0.1499999761581421 -0.25 1.25
-0.1499999761581421 0.25 -0.25
-0.1499999761581421 0.25 1.25
Array of connected vertices:
2 0 0 1 1 3 3 2 6 2 3 7 7 6 4 6 7 5 5 4 0 4 5 1 2 1 6 3 4 7 0 5 0 6 5 3

Selected Object: Left 

Array of vertices:
0.1499999761581421 -0.25 -0.25
0.1499999761581421 -0.25 1.25
0.1499999761581421 0.25 -0.25 
0.1499999761581421 0.25 1.25
0.6499999761581421 -0.25 -0.25
0.6499999761581421 -0.25 1.25
0.6499999761581421 0.25 -0.25
0.6499999761581421 0.25 1.25
Array of connected vertices:
2 0 0 1 1 3 3 2 6 2 3 7 7 6 4 6 7 5 5 4 0 4 5 1 2 1 6 3 4 7 0 5 0 6 5 3

Selected Object: Connector

Array of vertices:
-0.9375 -0.10000000149011612 2.7750000953674316
-0.9375 -0.10000000149011612 2.875
-0.9375 0.10000000149011612 2.7750000953674316
-0.9375 0.10000000149011612 2.875
0.9375 -0.10000000149011612 2.7750000953674316
0.9375 -0.10000000149011612 2.875
0.9375 0.10000000149011612 2.7750000953674316
0.9375 0.10000000149011612 2.875
Array of connected vertices:
2 0 0 1 1 3 3 2 6 2 3 7 7 6 4 6 7 5 5 4 0 4 5 1 2 1 6 3 4 7 0 5 0 6 5 3

Selected Object: Left Ear

Array of vertices:
0.75 -0.25 1.75
0.75 -0.25 2.25
0.75 0.25 1.75
0.75 0.25 2.25
1.0 -0.25 1.75
1.0 -0.25 2.25
1.0 0.25 1.75
1.0 0.25 2.25
Array of connected vertices:
2 0 0 1 1 3 3 2 6 2 3 7 7 6 4 6 7 5 5 4 0 4 5 1 2 1 6 3 4 7 0 5 0 6 5 3 4 5 7

Selected Object: Left Pillar

Array of vertices:
0.9375 -0.10000000149011612 2.875
0.9375 0.10000000149011612 2.875
0.8375000357627869 -0.10000000149011612 2.875
0.8375000357627869 0.10000000149011612 2.875
0.9375 -0.10000000149011612 2.2487499713897705
0.9375 0.10000000149011612 2.2487499713897705
0.8374999761581421 -0.10000000149011612 2.2487499713897705
0.8374999761581421 0.10000000149011612 2.2487499713897705
Array of connected vertices:
1 0 5 1 3 2 7 3 2 0 3 1 0 4 2 6 5 7 4 6 6 7 5 4 3 0 7 1 2 4 3 6 4 1 5 6

Selected Object: Right Ear

Array of vertices:
-1.0 -0.25 1.75
-1.0 -0.25 2.25
-1.0 0.25 1.75
-1.0 0.25 2.25
-0.75 -0.25 1.75
-0.75 -0.25 2.25
-0.75 0.25 1.75
-0.75 0.25 2.25
Array of connected vertices:
2 0 0 1 1 3 3 2 6 2 3 7 7 6 4 6 7 5 5 4 0 4 5 1 2 1 6 3 4 7 0 5 0 6 5 3 1 2 5

Selected Object: Right Pillar

Array of vertices:
-0.9375 0.10000000149011612 2.875
-0.9375 -0.10000000149011612 2.875
-0.8375000357627869 0.10000000894069672 2.875
-0.8375000357627869 -0.09999999403953552 2.875
-0.9375 0.10000000149011612 2.2487499713897705
-0.9375 -0.10000000149011612 2.2487499713897705
-0.8374999761581421 0.10000000894069672 2.2487499713897705
-0.8374999761581421 -0.09999999403953552 2.2487499713897705
Array of connected vertices:
1 0 5 1 3 2 7 3 2 0 3 1 0 4 2 6 5 7 4 6 6 7 5 4 3 0 7 1 2 4 3 6 4 1 5 6